double
128
627
2000 400
571.0 77.0
465.0 88.0
616.0 110.0
243.0 89.0
105.0 36.0
379.0 96.0
238.0 70.0
402.0 84.0
570.0 97.0
411.0 53.0
521.0 76.0
399.0 106.0
360.0 77.0
430.0 75.0
290.0 66.0
522.0 116.0
454.0 102.0
319.0 109.0
555.0 57.0
150.0 16.0
427.0 110.0
365.0 100.0
450.0 112.0
410.0 78.0
410.0 121.0
615.0 107.0
531.0 99.0
412.0 69.0
32.0 4.0
500.0 84.0
493.0 82.0
508.0 77.0
443.0 79.0
56.0 78.0
347.0 110.0
470.0 98.0
435.0 55.0
339.0 63.0
409.0 74.0
488.0 73.0
428.0 99.0
459.0 86.0
558.0 88.0
67.0 54.0
464.0 94.0
501.0 103.0
494.0 82.0
490.0 98.0
51.0 23.0
518.0 123.0
377.0 125.0
702.0 115.0
403.0 37.0
376.0 110.0
407.0 78.0
379.0 100.0
235.0 78.0
527.0 30.0
76.0 4.0
521.0 85.0
396.0 129.0
293.0 76.0
487.0 53.0
303.0 57.0
447.0 125.0
507.0 133.0
506.0 87.0
537.0 49.0
3.0 6.0
418.0 94.0
491.0 106.0
391.0 106.0
399.0 88.0
301.0 6.0
385.0 108.0
608.0 115.0
516.0 114.0
491.0 63.0
407.0 76.0
353.0 90.0
451.0 85.0
452.0 78.0
313.0 66.0
24.0 5.0
552.0 116.0
531.0 108.0
393.0 81.0
485.0 77.0
39.0 18.0
551.0 128.0
475.0 108.0
694.0 100.0
280.0 64.0
591.0 86.0
577.0 111.0
634.0 110.0
198.0 93.0
528.0 139.0
529.0 122.0
370.0 60.0
534.0 56.0
39.0 23.0
389.0 118.0
600.0 98.0
465.0 71.0
401.0 112.0
145.0 1.0
556.0 73.0
463.0 122.0
415.0 101.0
409.0 81.0
157.0 23.0
591.0 70.0
514.0 76.0
557.0 91.0
304.0 113.0
34.0 50.0
479.0 88.0
613.0 80.0
438.0 79.0
374.0 114.0
96.0 39.0
342.0 108.0
513.0 122.0
640.0 97.0
475.0 56.0
30.0 17.0
352.0 111.0
451.0 81.0
381.0 96.0
418.0 106.0
398.0 6.0
488.0 85.0
395.0 88.0
518.0 102.0
569.0 88.0
30.0 37.0
403.0 96.0
341.0 111.0
277.0 89.0
482.0 83.0
497.0 21.0
642.0 106.0
598.0 89.0
519.0 131.0
241.0 74.0
484.0 77.0
573.0 91.0
497.0 86.0
390.0 115.0
56.0 31.0
300.0 81.0
312.0 87.0
446.0 62.0
593.0 87.0
349.0 83.0
561.0 72.0
419.0 129.0
425.0 125.0
251.0 71.0
344.0 3.0
506.0 98.0
506.0 87.0
453.0 74.0
432.0 101.0
103.0 40.0
379.0 104.0
481.0 81.0
661.0 87.0
244.0 76.0
235.0 52.0
575.0 100.0
551.0 117.0
483.0 63.0
362.0 90.0
29.0 30.0
398.0 110.0
510.0 75.0
539.0 88.0
545.0 122.0
8.0 5.0
713.0 70.0
417.0 73.0
544.0 110.0
311.0 82.0
15.0 65.0
486.0 87.0
469.0 86.0
440.0 76.0
399.0 77.0
206.0 74.0
382.0 74.0
742.0 101.0
485.0 87.0
360.0 104.0
31.0 34.0
519.0 83.0
582.0 95.0
452.0 94.0
376.0 117.0
71.0 11.0
462.0 131.0
553.0 81.0
514.0 89.0
349.0 82.0
122.0 17.0
370.0 109.0
427.0 105.0
372.0 91.0
450.0 89.0
381.0 6.0
492.0 119.0
373.0 111.0
430.0 90.0
505.0 62.0
200.0 18.0
468.0 96.0
417.0 110.0
418.0 81.0
484.0 103.0
213.0 10.0
388.0 78.0
622.0 96.0
464.0 55.0
375.0 112.0
151.0 59.0
487.0 100.0
406.0 94.0
519.0 91.0
444.0 89.0
144.0 26.0
570.0 57.0
399.0 87.0
504.0 98.0
389.0 113.0
138.0 45.0
543.0 97.0
569.0 99.0
610.0 74.0
259.0 114.0
19.0 16.0
609.0 123.0
440.0 59.0
362.0 94.0
476.0 68.0
113.0 56.0
359.0 108.0
334.0 100.0
502.0 112.0
544.0 79.0
261.0 1.0
548.0 92.0
477.0 105.0
861.0 77.0
114.0 126.0
468.0 114.0
577.0 99.0
398.0 100.0
540.0 63.0
17.0 24.0
432.0 101.0
424.0 116.0
393.0 94.0
613.0 76.0
138.0 13.0
433.0 100.0
534.0 95.0
522.0 96.0
328.0 107.0
183.0 2.0
618.0 114.0
488.0 92.0
351.0 110.0
231.0 70.0
312.0 14.0
390.0 131.0
536.0 106.0
468.0 120.0
430.0 37.0
176.0 6.0
434.0 93.0
569.0 108.0
647.0 127.0
350.0 72.0
512.0 51.0
484.0 109.0
406.0 75.0
386.0 65.0
212.0 100.0
682.0 106.0
496.0 78.0
572.0 85.0
233.0 86.0
17.0 45.0
452.0 94.0
307.0 91.0
631.0 100.0
553.0 94.0
57.0 21.0
287.0 120.0
273.0 94.0
524.0 102.0
379.0 81.0
537.0 3.0
473.0 82.0
380.0 108.0
468.0 82.0
348.0 127.0
331.0 1.0
422.0 96.0
621.0 49.0
351.0 123.0
481.0 125.0
125.0 7.0
620.0 102.0
421.0 96.0
498.0 117.0
273.0 61.0
188.0 24.0
498.0 112.0
591.0 117.0
538.0 78.0
359.0 82.0
14.0 11.0
361.0 94.0
460.0 81.0
368.0 108.0
454.0 61.0
345.0 47.0
12.0 9.0
532.0 75.0
496.0 96.0
405.0 96.0
392.0 97.0
175.0 36.0
588.0 89.0
507.0 101.0
415.0 100.0
436.0 66.0
54.0 44.0
539.0 106.0
457.0 129.0
568.0 118.0
436.0 47.0
568.0 110.0
396.0 86.0
498.0 114.0
312.0 87.0
226.0 3.0
552.0 58.0
527.0 91.0
544.0 92.0
267.0 72.0
110.0 87.0
456.0 54.0
385.0 102.0
456.0 86.0
466.0 92.0
237.0 66.0
441.0 78.0
519.0 71.0
444.0 93.0
237.0 89.0
358.0 60.0
1.0 9.0
612.0 117.0
572.0 107.0
465.0 104.0
316.0 54.0
35.0 18.0
625.0 92.0
496.0 87.0
494.0 149.0
369.0 63.0
16.0 9.0
522.0 71.0
501.0 91.0
474.0 93.0
366.0 96.0
137.0 49.0
625.0 87.0
408.0 114.0
455.0 77.0
436.0 103.0
76.0 19.0
517.0 86.0
289.0 96.0
316.0 103.0
499.0 80.0
379.0 35.0
483.0 110.0
429.0 109.0
320.0 116.0
510.0 62.0
258.0 3.0
428.0 76.0
542.0 80.0
649.0 118.0
338.0 86.0
43.0 40.0
500.0 78.0
496.0 82.0
342.0 71.0
471.0 115.0
191.0 54.0
437.0 93.0
613.0 99.0
391.0 87.0
359.0 95.0
200.0 26.0
561.0 100.0
560.0 100.0
207.0 95.0
555.0 83.0
117.0 22.0
464.0 94.0
684.0 136.0
750.0 102.0
102.0 68.0
387.0 107.0
505.0 73.0
266.0 100.0
373.0 114.0
469.0 6.0
653.0 102.0
459.0 89.0
568.0 80.0
315.0 94.0
5.0 35.0
441.0 95.0
606.0 104.0
430.0 74.0
513.0 114.0
10.0 13.0
505.0 75.0
510.0 66.0
549.0 90.0
341.0 90.0
95.0 79.0
376.0 94.0
418.0 132.0
424.0 80.0
524.0 70.0
258.0 24.0
379.0 128.0
370.0 81.0
534.0 90.0
389.0 100.0
328.0 1.0
562.0 108.0
541.0 92.0
625.0 113.0
272.0 87.0
406.0 100.0
388.0 71.0
519.0 130.0
538.0 70.0
149.0 29.0
364.0 112.0
359.0 68.0
570.0 70.0
469.0 99.0
238.0 51.0
563.0 94.0
462.0 105.0
551.0 99.0
330.0 82.0
94.0 20.0
487.0 89.0
610.0 100.0
455.0 81.0
327.0 103.0
121.0 27.0
440.0 88.0
533.0 78.0
436.0 102.0
497.0 71.0
94.0 61.0
521.0 116.0
282.0 117.0
534.0 76.0
563.0 90.0
100.0 1.0
588.0 121.0
359.0 108.0
444.0 77.0
485.0 85.0
124.0 9.0
442.0 111.0
410.0 112.0
698.0 99.0
443.0 77.0
7.0 1.0
400.0 110.0
398.0 106.0
609.0 81.0
463.0 92.0
130.0 11.0
435.0 119.0
627.0 109.0
471.0 113.0
451.0 58.0
16.0 1.0
691.0 110.0
552.0 104.0
381.0 127.0
376.0 59.0
560.0 90.0
548.0 124.0
374.0 92.0
509.0 79.0
9.0 15.0
498.0 84.0
442.0 131.0
464.0 89.0
379.0 80.0
217.0 16.0
501.0 86.0
478.0 122.0
377.0 68.0
395.0 72.0
249.0 52.0
484.0 88.0
377.0 112.0
356.0 84.0
395.0 115.0
388.0 1.0
527.0 95.0
424.0 88.0
512.0 103.0
531.0 85.0
6.0 29.0
363.0 116.0
479.0 103.0
324.0 67.0
400.0 92.0
434.0 22.0
539.0 79.0
413.0 43.0
407.0 95.0
295.0 101.0
304.0 80.0
42.0 2.0
471.0 105.0
534.0 96.0
519.0 90.0
433.0 85.0
43.0 24.0
499.0 115.0
436.0 80.0
488.0 100.0
546.0 92.0
31.0 13.0
625.0 113.0
685.0 68.0
677.0 92.0
13.0 127.0
421.0 85.0
590.0 107.0
460.0 104.0
452.0 56.0
77.0 48.0
387.0 117.0
545.0 100.0
387.0 112.0
524.0 58.0
157.0 13.0
280.0 106.0
493.0 74.0
412.0 80.0
460.0 121.0
355.0 19.0
446.0 115.0
464.0 89.0
578.0 105.0
372.0 85.0
140.0 6.0
408.0 125.0
468.0 95.0
579.0 82.0
458.0 97.0
87.0 1.0
666.0 128.0
359.0 109.0
633.0 76.0
329.0 83.0
13.0 4.0
510.0 94.0
379.0 97.0
409.0 86.0
622.0 71.0
80.0 52.0
443.0 70.0
524.0 74.0
488.0 63.0
502.0 89.0
43.0 104.0
564.0 99.0
532.0 94.0
367.0 60.0
481.0 104.0
56.0 43.0
488.0 78.0
447.0 121.0
405.0 100.0
575.0 90.0
85.0 11.0
496.0 116.0
430.0 94.0
511.0 107.0
515.0 58.0
48.0 25.0
447.0 97.0
447.0 106.0
391.0 134.0
715.0 63.0
540.0 116.0
526.0 85.0
604.0 93.0
330.0 106.0
401.0 104.0
405.0 104.0
409.0 100.0
785.0 92.0
421.0 101.0
523.0 115.0
1056.0 184.0